107
397
265
286
325
77
263
450
470
226
168
463
363
102
290
210
142
16
111
295
408
384
354
102
468
127
491
94
271
375
169
241
98
50
269
319
13
374
289
200
129
475
187
290
365
206
492
180
472
109
357
369
419
193
57
343
275
488
472
223
433
372
24
229
193
56
162
465
369
375
83
325
74
428
65
31
75
343
57
230
147
370
75
265
449
405
242
436
275
25
96
141
158
144
136
287
417
375
349
218
247
78
31
202
234
400
105
112
41
478
455
498
437
228
239
116
458
35
432
438
284
353
240
350
294
16
220
477
112
364
5
4
14
439
351
220
251
144
411
255
399
230
369
33
65
401
20
317
209
74
111
437
144
178
19
10
79
279
437
142
62
266
329
400
220
136
232
468
353
226
480
355
115
399
34
305
286
395
175
333
393
18
52
331
122
181
488
361
119
393
451
214
457
305
176
102
20
476
442
185
50
117
176
335
250
26
297
221
369
283
429
238
136
465
138
380
432
306
54
18
401
238
166
445
39
25
263
135
246
154
240
335
413
334
445
56
327
364
22
239
200
106
199
83
357
205
478
450
362
253
157
403
486
269
170
466
212
345
399
439
494
393
431
231
59
477
451
427
348
213
443
296
232
42
134
313
165
354
453
369
452
67
2
475
210
272
162
360
108
25
148
319
217
169
164
232
113
465
303
216
346
476
35
265
141
406
492
361
468
76
10
426
45
315
387
182
393
253
236
108
103
169
369
283
220
405
120
75
135
45
381
147
300
413
276
449
60
447
313
300
141
347
286
83
127
296
341
270
402
430
326
190
32
248
492
386
417
222
150
445
194
376
115
192
419
35
461
31
5
187
394
205
242
392
390
258
216
475
172
74
270
300
243
461
212
494
25
209
8
416
78
206
409
461
260
338
430
458
108
410
108
464
401
461
70
490
415
199
86
342
90
25
405
137
402
48
460
109
92
400
470
62
18
237
433
219
287
234
470
106
66
357
131
344
144
272
495
35
272
384
209
413
81
66
77
175
272
443
250
324
12
377
386
300
198
482
12
173
156
390
301
369
415
261
297
185
359
211
400
328
236
4
304
182
195
356
229
347
120
298
300
468
361
269
439
263
437
63
456
320
252
135
371
68
333
393
12
492
184
95
156
41
336
71
335
489
465
189
33
17
262
215
182
291
319
180
378
244
280
34
467
327
52
69
431
469
311
417
456
421
474
317
27
419
69
11
104
436
400
5
417
56
220
298
90
324
74
246
401
172
194
147
271
37
302
162
92
46
367
105
161
357
142
206
269
335
105
189
262
389
190
77
372
214
114
383
161
169
111
407
480
25
464
122
13
431
265
424
166
397
370
167
354
340
74
423
371
469
182
406
255
437
466
142
433
352
349
477
354
428
5
19
36
460
468
368
474
129
338
404
406
71
330
474
62
56
420
145
100
322
294
114
338
128
256
435
413
59
95
356
119
195
446
180
472
394
487
90
360
55
159
384
454
406
293
415
163
304
91
474
60
195
123
83
488
367
477
400
26
154
126
148
437
268
64
400
343
38
305
76
436
227
249
464
241
69
329
477
295
390
11
207
466
381
497
427
93
362
492
110
305
107
446
355
190
310
207
229
196
99
340
2
273
474
65
169
254
164
389
404
146
4
322
270
37
363
256
106
11
498
401
200
51
360
140
219
470
184
12
213
95
134
353
138
217
480
408
20
108
451
470
395
63
486
99
319
82
59
491
215
170
362
275
389
62
497
436
468
481
136
277
304
374
212
278
371
60
477
322
350
435
495
414
351
360
35
344
147
449
426
416
177
154
496
16
125
8
17
17
420
178
199
58
409
425
452
213
145
489
338
444
374
379
266
313
301
396
345
294
162
296
360
95
50
325
300
76
402
187
302
454
105
206
452
139
231
198
388
88
405
353
441
184
147
462
37
146
238
285
429
110
378
14
148
475
499
24
206
270
487
71
465
353
296
300
230
40
288
266
369
331
460
498
170
31
264
144
359
359
342
388
92
488
462
231
324
71
146
82
318
216
110
224
9
316
282
51
144
57
176
151
193
124
117
274
198
151
381
476
64
66
362
13
98
83
63
91
453
110
470
128
325
99
419
477
18
413
119
50
465
302
237
126
228
61
300
465
358
481
286
333
131
3
262
457
5
235
438
278
417
364
300
138
457
407
3
384
214
117
279
436
73
327
59
107
193
500
486
319
307
220
426
167
12
183
319
481
244
373
99
318
465
447
460
47
